591
1726
5457
2920
1660
919
557
8300
6548
6387
4378
1139
3360
3742
8154
2543
3597
1415
5155
119
6173
7468
2324
5681
7556
6380
3830
2307
858
7276
3412
782
85
2405
1609
3358
2056
4961
60
8613
2463
6324
4409
3729
6251
4297
6666
8313
2754
8597
1644
7778
2322
8329
484
3328
6226
141
2360
7591
1908
4063
438
6137
5036
2033
5873
3521
3102
762
4133
4043
1342
6169
4026
7700
7417
2376
3959
5093
715
1982
6099
8322
3731
6539
4802
7089
7177
3494
1325
3559
8502
7411
3324
1411
7132
6096
4853
2097
2567
2689
2328
4012
5798
2915
6402
8253
2280
7732
3224
624
1395
493
4316
215
6565
8586
3241
7907
810
8230
51
4174
5398
7809
954
3306
2124
7951
6390
6658
7282
4225
1838
2041
3508
3133
8131
2098
5061
280
5519
7542
507
6690
111
7782
2153
4152
618
4057
5837
360
7929
5431
2815
5192
3283
534
3511
1249
287
5654
7933
4346
3733
5787
5690
1330
6240
103
3618
7955
905
874
5708
1250
11
3936
4539
8290
6665
2268
6994
3506
1451
4134
3654
1898
2544
2794
8504
5663
1750
5598
5919
4188
1036
4893
7548
8447
207
1941
7079
1724
3179
4185
5138
773
4607
8124
6276
948
797
5539
3023
6549
7744
4794
7145
8064
7488
6252
5570
5760
1304
7583
5491
7345
72
3857
6187
6845
4428
187
2782
6837
5318
990
4163
1602
7325
8509
6667
6619
1674
4245
4729
6612
3201
7192
5469
3943
142
4529
6841
6945
7375
2375
8319
4819
6620
2822
2591
445
8473
7939
2472
4654
6104
8033
6807
3367
7824
6188
4813
424
7151
621
1670
5878
2937
2481
7447
594
4563
2884
836
1004
8527
1573
4015
4782
7153
511
5687
3679
3638
6080
3704
5994
149
5881
1896
7900
6946
3288
6412
5691
6578
347
6136
4663
7321
7714
7561
1013
8523
2927
3317
4639
2151
8498
6064
4626
7898
3661
7953
6476
3088
2613
2189
1082
1643
4397
1803
7269
4737
5656
6445
274
7769
2430
2552
830
2768
6684
2429
337
1799
843
1537
8448
7471
7208
1971
174
6730
3461
6233
8558
728
2292
5588
8043
6112
8410
2196
3800
4038
2339
3684
2953
3781
4253
5198
44
4492
6908
3842
7367
932
3199
3980
5602
3264
5538
4076
2449
5260
6700
2155
6454
4309
5222
6729
3123
217
3113
1791
4763
8458
6084
4128
7129
434
1364
2083
7016
8292
2732
5699
1166
7524
1408
7588
3039
5951
6532
1396
7975
349
670
4271
4933
5459
6150
8231
3493
6639
4955
5862
101
4119
2812
6289
7625
4780
4466
5239
6006
7478
2664
2769
3042
5013
5556
4576
4059
1805
7650
3173
7251
2426
5485
1278
5542
378
7947
3165
1105
5768
7317
1239
5331
1182
8285
352
8570
4544
4575
1914
4139
6697
3441
3803
2665
6085
6010
7055
6155
5105
7326
6440
2446
8383
4577
2707
3950
3712
2527
2849
3278
5040
5808
5307
8025
4210
3280
3790
6900
7401
2678
4101
6768
5442
7962
5846
5217
2853
7788
4099
1162
1299
4132
3500
5831
7876
4078
7662
282
5409
5445
2467
5123
150
4315
5622
4380
7996
7605
2925
8581
1024
8204
982
2885
5291
6307
1858
872
5086
8426
1846
877
5723
6569
2461
1732
4024
6769
1394
1431
2796
500
7914
1078
6671
4160
7423
91
4916
1624
5730
7473
8529
7665
3607
5296
7068
2319
2130
1111
7977
7593
4837
5952
2147
3970
297
404
143
5607
6157
769
8016
4852
3240
6398
4048
4889
633
5430
7466
643
3435
2582
4179
687
1628
7494
6221
3225
5407
3567
5422
5949
5615
7308
4642
4140
7695
3933
417
376
1669
799
4201
4243
459
2215
6418
6232
4543
2679
1713
52
6337
6537
3782
6492
6895
3523
7497
1553
3237
7383
4255
5971
99
4631
1866
5010
4878
1663
4745
7534
4336
4407
706
3215
947
741
5502
17
8032
8331
487
504
679
980
4490
6625
7923
3619
6219
6957
5100
3648
1729
503
15
3889
5143
6561
5045
4276
701
6701
6062
3512
2838
2397
4073
5486
7480
5633
1952
8468
6873
4588
2126
3621
2462
4743
5236
6804
6766
8020
3251
3986
5795
8116
5081
4540
7976
7385
923
5066
2394
4231
1388
2441
7810
5931
577
269
8073
8535
208
356
6694
7154
5160
4072
3002
7260
1712
6962
3861
2179
6366
8216
1177
7032
4641
4436
1987
4531
6273
2730
4644
3814
8183
2910
6888
7661
6504
6487
5382
2474
3167
3846
3433
5954
2989
2757
7990
4829
1637
7035
3315
6192
7980
4548
5235
3550
2716
1425
8388
7350
7057
1410
4330
4749
3841
559
3366
5083
1894
8072
5904
1957
6689
7998
7984
3068
7266
7017
6850
6427
1361
909
7760
4613
4034
7096
7352
6938
22
4578
6405
8023
1225
1759
811
2798
8487
7748
2027
4844
4815
4833
6959
8412
3145
220
4286
5895
1648
1419
5234
2891
1287
4979
261
7589
739
134
6512
440
7372
6388
2198
6762
1391
8229
2592
5079
7538
2854
2861
3045
4196
7353
6130
6790
6646
5722
542
5842
3230
7905
7311
3686
6261
5644
5271
363
1028
4023
180
7340
5912
812
6814
5537
3748
2320
6655
4365
6424
7630
2521
1175
2412
1942
647
6054
4418
6255
4494
8220
2887
1865
3488
7168
5825
8057
7718
12
1587
7026
502
5451
5379
6916
8507
3786
8554
6460
7747
2597
5576
4591
232
3100
5969
925
7833
7236
916
1683
385
1185
7227
1596
5269
6065
4249
2727
6486
7547
41
7968
6292
159
7655
4915
5774
5259
346
7530
576
157
1631
5279
3120
5901
3320
4572
5625
5591
3106
8101
6059
4897
1043
922
5113
3368
8418
2997
4066
4718
4104
6073
2844
642
3312
8028
1164
6976
8484
432
2682
35
5149
4337
6217
4143
5767
7169
4384
375
1168
1989
5959
1673
7699
2565
3270
556
2015
6597
1076
7586
8278
3677
3266
5843
7459
1924
6636
6744
832
573
6111
1505
6154
7144
2566
8550
2423
3409
6247
7623
4376
5736
6302
1562
1511
7263
8334
3450
5850
4289
7571
6931
8170
3739
4001
949
5286
5900
388
3605
6262
770
4213
2657
8369
477
7259
6482
1973
4715
1859
7329
2169
650
3351
8261
804
807
2321
6382
6530
3034
4987
6210
8343
7056
5253
6944
8099
3146
5551
2433
5534
5341
5530
5762
820
3964
4748
2483
4333
4857
1085
7509
3313
4614
1200
3749
2870
271
7457
1809
7753
1564
3495
7964
597
5509
8326
5711
8367
1534
2902
7527
5518
4804
5869
5292
3828
6509
6613
7439
4568
7444
7146
3854
2058
2361
7781
4705
4377
6319
7476
7148
2581
7127
3238
6069
7882
5737
6970
7215
2285
252
3934
7394
2635
1398
8403
7821
348
2722
4244
3864
2378
6156
6615
6818
1041
6186
5821
3417
3837
1375
5754
7354
62
928
892
2672
6436
4265
6713
801
609
5738
7861
3678
1623
4604
6007
7173
2763
3962
6284
2101
4622
4079
3617
7870
5686
8252
7771
902
6739
1807
6075
7083
7843
3383
1273
7687
1719
5841
6047
5103
7728
8406
3497
7019
129
2764
7210
5026
7122
2372
2547
8008
401
4619
4117
2176
6258
1246
2621
7713
2009
2193
6310
2852
5922
3232
2291
5547
2453
6983
6833
5196
295
6792
1186
5977
2228
5384
6541
5303
7712
7357
4267
7271
3994
4786
3647
7230
4670
7007
7639
5729
3122
1126
8368
6042
4322
3710
8109
7967
6168
2020
2318
2941
1241
6698
7871
4917
1921
4340
2804
7829
882
2607
6053
333
8373
195
2821
7616
4067
3477
8341
8337
5321
2711
2969
6211
8356
3588
6281
8226
547
5852
6574
2231
5263
5716
5252
7360
6887
7253
1326
2424
4985
867
834
2035
5237
755
2700
4446
3047
2260
5014
5308
3382
5979
1409
6067
6871
1916
7776
5689
1950
5335
5305
6162
1841
4918
7344
6385
3691
3459
5693
3561
86
2996
3221
5211
2099
5017
1154
3547
3594
6913
7092
2109
338
6105
5563
7175
8308
7256
1681
7812
1339
4481
6198
5649
4206
4005
1412
7171
4981
6008
199
6774
8146
1888
322
5106
4558
6718
7051
4640
5346
2001
3104
7
283
1531
7703
3340
5312
4457
7912
3695
962
2392
4847
2909
4552
4432
324
7040
5462
402
57
3415
7784
2368
996
2890
1338
171
3394
8316
1967
5637
1207
6600
1010
1556
7937
4664
1488
8121
710
6732
2470
5592
5834
7987
861
3795
317
1370
6131
7689
622
7545
4685
6740
462
4881
2977
3389
8506
711
5612
873
386
5717
3743
4192
4007
7514
5573
8093
3674
8594
3303
6103
7058
5374
6177
6245
5739
2524
3056
5550
2826
7652
5940
8431
7435
606
7500
8307
5555
428
427
8302
5899
6194
5670
4082
2404
5968
2906
4371
5075
4348
8105
4239
6023
6095
939
8375
7920
5847
8471
5158
4343
5299
2921
8584
2575
3191
5998
2499
6643
1108
8297
3699
4282
4920
8237
8019
245
3248
7602
5463
3396
6057
7441
2622
4218
6332
6030
8455
8614
532
3902
2623
1272
4486
5352
5990
6455
4150
1640
5434
3339
5669
612
2696
6384
6752
6391
602
509
7098
7363
5752
4814
5118
6687
7084
8040
6457
7162
3309
1110
1742
2144
5792
4674
5174
366
1889
984
146
4939
7863
5069
3268
2553
7633
1649
8195
4268
2806
229
3580
7249
5406
7596
4612
5528
2209
4602
7052
2253
4009
1694
65
3714
6906
8279
466
3807
2210
5715
6328
5674
4045
6207
704
2136
2038
8559
6847
5207
2267
6515
4074
7667
3
4070
6234
4094
6653
6591
1547
1310
6236
554
5936
8182
6745
3388
5913
1784
5313
2710
5790
6350
3751
563
7319
3953
449
3762
5330
6004
7298
2728
1124
5258
7971
5223
1902
1102
1061
275
1355
8526
3855
2797
1025
6522
3614
3552
2315
3398
3570
5568
1057
4734
1718
329
6
4945
1972
1996
7141
7155
2698
7023
5487
5631
2603
1716
8522
1366
3298
8493
1471
8517
3947
3451
8176
406
6767
780
7868
8298
2962
2352
4148
4467
2681
1427
1248
5082
7370
8592
5680
8508
967
8420
1867
4050
2286
8126
1414
2706
3785
7318
6965
1333
1062
314
2748
6116
682
696
7337
6840
7382
7063
1237
114
5512
3114
1749
5532
6184
1817
4334
4327
713
228
2450
381
3896
6972
5632
